# collected on short traces
# log(predictor size) gehl with various table sizes = 4 6 8 10 12
# first column is percent of mis predictions, second column is standard deviation
9	16.86	12.88	18.88	14.78	19.51	15.08	20.16	15.41	20.65	15.62
10	14.53	11.62	16.38	13.50	16.88	13.77	17.50	14.04	18.06	14.28
11	12.06	9.96	13.86	12.25	14.19	12.60	14.70	12.97	15.24	13.23
12	10.27	8.26	11.33	10.54	11.60	11.01	12.07	11.52	12.57	11.93
13	8.96	7.29	9.28	8.69	9.44	9.15	9.85	9.63	10.33	10.05
14	8.19	6.63	7.74	7.54	7.80	7.92	8.14	8.35	8.56	8.72
15	8.03	6.15	6.73	6.80	6.71	7.20	6.95	7.59	7.29	7.90
16	7.77	6.31	6.24	6.39	6.15	6.76	6.34	7.15	6.62	7.44
17	7.69	6.18	5.93	6.08	5.79	6.40	5.94	6.74	6.18	7.02