# collected on short traces
# log(predictor size), gehl with theta = 4,6,8,10
# first column is percent of mis predictions, second column is standard deviation
9	16.38	13.50	16.33	13.33	16.36	13.23	16.46	13.19
10	13.86	12.25	13.77	12.03	13.82	11.92	13.96	11.86
11	11.33	10.54	11.25	10.46	11.32	10.43	11.48	10.43
12	9.28	8.69	9.19	8.67	9.27	8.70	9.40	8.77
13	7.74	7.54	7.67	7.49	7.73	7.51	7.85	7.55
14	6.73	6.80	6.65	6.76	6.68	6.75	6.79	6.76
15	6.24	6.39	6.13	6.35	6.16	6.33	6.25	6.35
16	5.93	6.08	5.82	6.01	5.82	5.99	5.89	6.02
17	5.67	5.76	5.56	5.71	5.56	5.69	5.61	5.72