# collected on short traces
# log(predictor size), gehl with counter width = 3 4 5 6
# first column is percent of mis predictions, second column is standard deviation
9	17.65	13.48	15.82	13.50	15.27	13.56	15.17	13.58
10	15.35	12.17	13.43	12.17	12.95	12.17	12.80	12.30
11	12.56	10.95	11.01	10.40	10.62	10.08	10.57	10.08
12	10.17	9.11	9.01	8.48	8.61	8.22	8.53	8.19
13	8.69	7.65	7.54	7.32	7.27	7.20	7.23	7.19
14	7.50	6.74	6.60	6.62	6.47	6.57	6.47	6.54
15	7.02	6.44	6.13	6.23	6.08	6.17	6.08	6.17
16	6.47	6.16	5.86	5.97	5.83	5.92	5.83	5.91
17	6.56	5.99	5.63	5.68	5.60	5.66	5.60	5.66